2.1835067530000000e-03 1.1143498190070000e-01 -7.5872500000000002e-04
1.3555117311514000e+00 9.9516857047999997e-03 1.7870346245500001e-02
-1.3555100000000000e+00 9.9516857047999997e-03 1.7870346245500001e-02
-1.3555100000000000e+00 -9.9516899999999991e-03 1.7870346245500001e-02
-1.3555100000000000e+00 9.9516857047999997e-03 -1.7870299999999999e-02
-1.3555100000000000e+00 -9.9516899999999991e-03 -1.7870299999999999e-02
1.3555117311514000e+00 -9.9516899999999991e-03 1.7870346245500001e-02
1.3555117311514000e+00 -9.9516899999999991e-03 -1.7870299999999999e-02
1.3555117311514000e+00 9.9516857047999997e-03 -1.7870299999999999e-02
1.3467286016138000e+00 3.0220993768500001e-02 1.2130068545000001e-02
-1.3467300000000000e+00 3.0220993768500001e-02 1.2130068545000001e-02
-1.3467300000000000e+00 -3.0221000000000001e-02 1.2130068545000001e-02
-1.3467300000000000e+00 3.0220993768500001e-02 -1.2130100000000000e-02
-1.3467300000000000e+00 -3.0221000000000001e-02 -1.2130100000000000e-02
1.3467286016138000e+00 -3.0221000000000001e-02 1.2130068545000001e-02
1.3467286016138000e+00 -3.0221000000000001e-02 -1.2130100000000000e-02
1.3467286016138000e+00 3.0220993768500001e-02 -1.2130100000000000e-02
3.0220993768500001e-02 1.3467286016138000e+00 1.2130068545000001e-02
-3.0221000000000001e-02 1.3467286016138000e+00 1.2130068545000001e-02
-3.0221000000000001e-02 -1.3467300000000000e+00 1.2130068545000001e-02
-3.0221000000000001e-02 1.3467286016138000e+00 -1.2130100000000000e-02
-3.0221000000000001e-02 -1.3467300000000000e+00 -1.2130100000000000e-02
3.0220993768500001e-02 -1.3467300000000000e+00 1.2130068545000001e-02
3.0220993768500001e-02 -1.3467300000000000e+00 -1.2130100000000000e-02
3.0220993768500001e-02 1.3467286016138000e+00 -1.2130100000000000e-02
9.9516857047999997e-03 1.3555117311514000e+00 1.7870346245500001e-02
-9.9516899999999991e-03 1.3555117311514000e+00 1.7870346245500001e-02
-9.9516899999999991e-03 -1.3555100000000000e+00 1.7870346245500001e-02
-9.9516899999999991e-03 1.3555117311514000e+00 -1.7870299999999999e-02
-9.9516899999999991e-03 -1.3555100000000000e+00 -1.7870299999999999e-02
9.9516857047999997e-03 -1.3555100000000000e+00 1.7870346245500001e-02
9.9516857047999997e-03 -1.3555100000000000e+00 -1.7870299999999999e-02
9.9516857047999997e-03 1.3555117311514000e+00 -1.7870299999999999e-02